8796650726651691339
9106848384411268020
7868979803099685760
9126852379056225214
1877997963363861108
7124477685465265838
6782559535914320647
8165030954215133603
522027005916020671
2803065849318987799
6810592125023549460
7800725446289151834
4268693029651158541
8322192410060225884
8367872920303175682
3527122941287172322
5316197156344624316
4336778841121315983
3531113199642411889
8124539654842136798
4775658058227864740
3740182007038903084
431343065508512629
736982460130468681
2723117744158175915
4267846903087165395
6259768449203603887
2942921905704837216
7285356702979465921
8016564645136674240
4651002769576953067
5408934812423067790
